0.014029
0.006804
0.006845
0.006431
0.006522
0.006353
0.006571
0.006570
0.013397
0.011834
0.011848
0.012021
0.011518
0.012563
0.012449
0.012604
0.012563
0.012855
0.011822
0.011108
0.012165
0.011746
0.011439
0.011574
0.011710
0.011589
0.010134
0.011856
0.010270
0.011367
0.012198
0.011510
0.012036
0.014524
0.012021
0.011566
0.011705
0.011649
0.011574
0.012081
0.012424
0.012751
0.011404
0.011867
0.012175
0.011746
0.097414
0.017738
0.010946
0.009969
0.010642
0.009977
0.010615
0.009860
0.009950
0.010480
0.010721
0.010905
0.010826
0.011258
0.011130
0.010232
0.009856
0.011243
0.023140
0.011191
0.009645
0.010656
0.011979
0.010923
0.011052
0.010840
0.011525
0.010927
0.011398
0.010747
0.010544
0.018374
0.010765
0.010198
0.010420
0.010269
0.010416
0.010657
0.010240
0.010777
0.011003
0.012243
0.014607
0.008285
0.006495
0.006387
0.006356
0.014848
0.006931
0.006624
0.006548
0.006465
0.006582
0.006432
0.013228
0.008074
0.007387
0.007308
0.013119
0.007387
0.007319
0.007146
0.007184
0.007217
0.007439
0.007244
0.007232
0.007183
0.007168
0.007270
0.007206
0.007232
0.007154
0.007168
0.013089
0.007417
0.007202
0.007003
0.007134
0.007097
0.007082
0.007270
0.011562
0.008383
0.007401
0.008337
0.007518
0.007307
0.011814
0.007375
0.007187
0.007044
0.007056
0.006996
0.007184
0.007236
0.011427
0.007315
0.007510
0.007063
0.007169
0.007135
0.007198
0.007191
0.011390
0.007274
0.007243
0.007025
0.007097
0.006988
0.007097
0.007063
0.011322
0.007281
0.007206
0.007390
0.007160
0.007093
0.007104
0.007082
0.011386
0.007345
0.007161
0.007010
0.007059
0.007007
0.007081
0.007145
0.019148
0.007664
0.007311
0.007221
0.007337
0.007334
0.007202
0.007135
0.014822
0.007345
0.007180
0.007101
0.007134
0.007172
0.007135
0.007105
0.011664
0.007285
0.007143
0.007048
0.007135
0.007488
0.007217
0.007124
0.012544
0.007360
