28.367664
2.020701
1.889023
18.169680
4.773330
1.568392
24.741365
5.295643
1.414893
23.824179
4.939430
1.872725
23.056214
5.043572
0.633659
30.847029
2.008559
2.110244
29.630096
1.993095
1.774551
18.037542
5.923063
1.093916
23.886784
7.484908
2.136098
21.081040
8.564400
2.121701
28.204442
3.015414
1.886430
25.315071
1.823662
1.756350
26.892046
1.800045
1.848551
18.672650
7.633439
1.726988
26.740195
1.567306
1.572665
22.115183
7.314556
0.679466
22.755061
7.474013
0.685697
22.573762
7.758376
0.603188
30.319426
0.560325
22.921198
0.541323
0.535407
7.863940
21.660318
0.618345
9.265476
20.476200
0.530345
7.592650
0.618412
22.577687
7.883972
0.621506
31.226855
0.538797
0.543038
30.148783
0.625322
20.546063
0.678691
8.174774
0.605031
21.706205
9.904656
1.898435
28.086390
1.754148
1.787426
27.259414
1.786561
1.783024
26.192398
1.751975
1.794196
26.364466
1.916690
1.771300
27.093766
1.600451
1.875731
26.910744
0.537670
21.861360
0.440192
6.585533
0.544097
29.867739
0.613113
0.608226
22.809240
8.730366
3.022588
22.604868
0.420234
0.460650
24.273356
6.718336
0.611876
31.437313
0.695971
0.706260
25.431863
0.534343
25.855400
0.410686
5.824537
0.658772
23.451350
6.265124
0.427820
23.920399
8.001500
0.550660
29.390671
0.475677
0.505138
22.239179
7.144080
23.366333
0.543229
8.271733
2.004121
20.130540
8.199823
2.021618
20.024805
8.718457
2.026621
20.020028
6.497798
0.397072
32.015565
0.649552
21.631379
0.538538
7.933664
22.294056
0.540523
7.774251
0.552597
21.814716
1.976886
8.536722
2.127955
26.989764
0.534298
21.792842
0.535568
8.359023
21.389503
0.619702
7.794188
0.647702
29.794225
0.611424
21.740397
0.621950
8.378808
21.266362
0.612544
8.656089
0.620837
30.026311
0.610323
20.669815
0.483264
7.692413
22.178953
0.534430
7.247177
23.308283
0.543323
7.820429
0.536524
22.229042
8.094534
1.745649
28.487460
2.030050
1.994835
18.354137
8.014562
1.746900
28.311235
0.613413
21.843219
0.608489
7.477182
0.531471
30.070647
0.387676
22.002237
0.575265
7.318102
0.669174
29.470903
0.608549
0.606320
29.074921
0.608546
0.578113
21.088754
8.764686
22.153493
0.502556
7.604269
0.538551
27.075131
0.624299
0.609812
24.611029
0.537527
7.519346
0.541406
29.484113
0.475456
21.868436
0.472000
7.438152
0.533959
30.266435
0.608681
21.875269
0.626935
8.292723
0.607094
29.336362
0.682589
22.580997
1.806544
6.629645
1.754821
28.477084
1.549660
1.635595
19.225936
7.761605
1.827752
28.040942
1.735841
1.764308
26.405533
1.858760
1.754474
27.427897
1.830256
1.758155
27.609271
1.768454
1.869559
27.519653
1.550601
1.591321
19.425463
7.951291
1.648132
20.565066
8.061147
1.547325
20.686359
7.710867
1.639532
21.602412
8.248948
1.831730
28.247013
1.759902
2.208755
19.374584
8.036985
1.761203
29.070583
1.783907
1.757162
27.047352
0.705406
0.745740
0.708368
27.584030
0.737107
0.665586
23.049804
7.652621
