6.213575
0.640699
22.670863
8.137309
21.700821
8.414590
0.721592
30.357298
0.724185
21.701148
0.723734
6.891271
0.580600
31.517065
0.460730
21.724784
0.462918
8.753712
20.898579
7.375808
0.745894
31.042303
0.722979
21.837765
0.631752
7.060159
0.723362
29.965360
0.618009
0.561648
22.201917
11.060019
26.257603
0.731331
0.719231
21.897397
8.097980
22.275098
0.571990
7.578640
0.645040
21.662209
8.914981
0.639579
20.593714
7.644631
22.716526
0.638538
8.214751
21.669099
8.400768
0.808394
21.526732
8.191682
0.723006
21.509403
8.291724
22.652490
0.655044
7.909207
0.631602
22.633920
7.972016
28.197954
2.023277
1.768655
28.434487
2.120217
2.010929
17.172183
8.353555
0.722995
21.482574
8.020923
0.580880
21.846063
8.850024
0.562981
30.692025
0.633098
21.067118
8.504239
0.639933
20.729889
8.525608
0.723299
21.443897
8.214075
2.022476
29.631450
1.998982
2.014970
26.513710
1.765990
1.739380
19.377319
7.842440
21.777095
8.432871
1.738884
28.088445
1.553673
1.808761
19.599744
9.286657
0.747324
20.481106
8.885512
0.813019
28.157208
0.644149
23.753708
0.634571
7.323788
21.833690
8.233516
0.699534
21.613399
7.700587
0.719897
30.058542
0.720983
22.802911
0.641187
7.600192
0.728952
21.431955
7.700297
0.636158
29.499473
0.726742
22.847004
8.393004
0.563813
30.282474
0.462061
22.176461
1.251739
8.933434
1.746199
26.294437
0.639597
0.630005
29.567750
0.735180
0.802985
21.833353
7.604140
23.345464
0.643608
29.846336
0.733229
6.701594
0.809703
22.620772
6.724641
0.783871
30.112836
0.720547
23.738958
0.631523
7.938843
1.987386
21.343689
6.384662
1.463126
30.408854
2.021307
1.978229
27.344628
1.909157
27.066212
1.571453
1.611963
26.456765
1.746932
1.793948
28.044543
1.727461
1.778128
28.540445
1.713909
1.791152
27.973948
1.987420
1.975261
25.871968
2.032558
28.112053
0.748920
21.938295
0.635673
7.188644
0.680796
22.618581
6.595708
0.653148
30.147697
0.664782
23.686769
