0.012404
0.006883
0.007041
0.006586
0.006559
0.006496
0.006387
0.006559
0.006345
0.006376
0.012690
0.006511
0.006627
0.006800
0.006221
0.006202
0.006338
0.007413
0.006638
0.006654
0.006353
0.006721
0.006755
0.006593
0.006676
0.006552
0.006635
0.006390
0.006480
0.006608
0.007131
0.006620
0.006259
0.006996
0.006849
0.006296
0.006792
0.006605
0.006289
0.006191
0.006233
0.006511
0.006176
0.010916
0.006289
0.006394
0.006240
0.006706
0.006244
0.006511
0.006210
0.006567
0.006816
0.006485
0.006202
0.006601
0.006555
0.006488
0.006330
0.006593
0.006372
0.006575
0.006736
0.006303
0.023823
0.034126
0.025096
0.026988
0.014954
0.013238
0.012915
0.013051
0.012651
0.018792
0.012840
0.012783
0.012754
0.012646
0.012673
0.012630
0.013015
0.012633
0.013063
0.012759
0.012709
0.012768
0.012700
0.012657
0.012666
0.017358
0.012885
0.012801
0.012706
0.013132
0.012709
0.012729
0.012741
0.012675
0.013111
0.012708
0.018053
0.014101
0.014669
0.013791
0.013586
0.013593
0.013559
0.013674
0.013600
0.013616
0.013584
0.013632
0.013589
0.013659
0.013625
0.013619
0.013623
0.018824
0.013716
0.013703
0.013656
0.013688
0.013640
0.013626
0.018223
0.013683
0.013665
0.013743
0.013592
0.015741
0.013635
0.014270
0.013872
0.013650
0.013502
0.013617
0.017228
0.013758
0.013704
0.013608
0.013506
0.013551
0.013571
0.013628
0.017285
0.013589
0.013644
0.013562
0.013566
0.013535
0.013610
0.017486
0.013740
0.013625
0.013617
0.013915
0.013767
0.013580
0.017512
0.013658
0.013668
0.013538
0.013598
0.013590
0.013649
0.013586
0.017348
0.013525
0.013602
0.013451
0.013536
0.013509
0.013806
0.017258
0.013633
0.013610
0.013666
0.013550
0.013510
0.013497
0.023237
0.013957
0.013661
0.013488
0.013553
0.013469
0.013484
0.013518
0.017366
0.013613
0.013491
0.013509
0.013569
0.013566
0.013545
0.017352
0.013669
0.013592
0.013599
0.013536
