0.010307
0.005845
0.005653
0.005638
0.005920
0.005518
0.005484
0.005537
0.005872
0.005529
0.005469
0.006886
0.005980
0.005578
0.005499
0.005473
0.005465
0.006439
0.005537
0.005428
0.005525
0.005887
0.005495
0.005473
0.005511
0.005830
0.005571
0.005485
0.005443
0.006164
0.006349
0.006082
0.005574
0.005988
0.006022
0.005522
0.005778
0.005462
0.005401
0.005545
0.005466
0.005849
0.005421
0.005481
0.005469
0.010856
0.005616
0.006079
0.005465
0.005718
0.005484
0.005525
0.005774
0.005371
0.005758
0.005548
0.005402
0.005454
0.005454
0.005537
0.005401
0.005804
0.005458
0.005428
0.005785
0.006563
0.005639
0.006025
0.006333
0.005766
0.005545
0.005375
0.005755
0.005368
0.005818
0.009657
0.005657
0.005582
0.005537
0.005586
0.005661
0.005906
0.005518
0.005638
0.012837
0.014608
0.006105
0.005703
0.005518
0.005522
0.006157
0.013833
0.006071
0.005582
0.005481
0.005496
0.005852
0.005534
0.005435
0.005473
0.011653
0.007104
0.011450
0.006781
0.006612
0.006481
0.006454
0.006442
0.006409
0.006439
0.006706
0.006484
0.006443
0.006447
0.016994
0.006965
0.006608
0.006552
0.006428
0.006371
0.010216
0.006631
0.006406
0.006367
0.006338
0.010502
0.006653
0.006819
0.006416
0.008161
0.007266
0.006616
0.006499
0.006303
0.006398
0.010315
0.006684
0.006597
0.006405
0.006450
0.006417
0.010123
0.006590
0.006578
0.006664
0.006484
0.006379
0.010240
0.006638
0.006540
0.006458
0.006510
0.006397
0.010029
0.006586
0.006446
0.006416
0.006397
0.006420
0.010044
0.006615
0.008051
0.006736
0.006439
0.010236
0.006684
0.006578
0.006428
0.006428
0.006390
0.012705
0.006676
0.006556
0.006488
0.006540
0.006413
0.010251
0.006646
0.006819
0.006466
0.006401
0.006409
0.010134
0.006634
0.006465
0.006506
0.006461
0.006424
0.010191
0.006623
0.006529
0.006442
0.006398
0.006409
0.010010
0.006819
0.006518
0.006477
0.006413
0.010239
0.011266
0.007052
0.006679
0.006582
0.006635
0.012074
0.006721
0.006646
0.006586
0.006582
0.006548
0.006552
0.006559
0.006533
0.006514
0.006525
0.006503
0.010258
0.006691
0.006627
0.006500
0.006604
0.006860
0.010262
0.006751
0.006717
0.006570
0.006548
0.010187
0.006747
0.006631
0.006609
0.006578
0.006600
0.010097
0.006725
0.006631
0.006552
0.006544
0.006672
0.010115
0.006680
0.006665
0.006563
0.006615
0.006631
0.012698
0.006721
0.006672
0.006654
0.006506
0.006503
0.010051
0.006672
0.006627
0.006661
0.006789
0.008390
0.006841
0.006672
0.007364
0.010875
0.006872
0.006684
0.006590
0.006548
0.006560
0.010194
0.006694
0.006635
0.006556
0.006586
0.006623
0.010288
0.006725
0.006680
0.006616
0.006578
0.010056
0.006710
0.006609
0.006586
0.006601
0.006548
0.010232
0.006763
0.006706
0.006541
0.006552
0.006570
0.010123
0.006751
0.006683
0.006608
0.006552
0.006627
0.015799
0.006823
0.006702
0.006525
