0.010360
0.006195
0.005789
0.005936
0.005609
0.005924
0.005545
0.005594
0.005544
0.005654
0.005593
0.005612
0.005579
0.005593
0.005604
0.005706
0.005924
0.006522
0.005639
0.005811
0.005811
0.006011
0.005943
0.005582
0.005578
0.005548
0.005991
0.005627
0.005560
0.005943
0.006446
0.006045
0.005710
0.007371
0.006135
0.005676
0.005530
0.005789
0.005507
0.005958
0.005717
0.005432
0.005462
0.005763
0.005492
0.005492
0.005545
0.005458
0.005766
0.005436
0.005473
0.005752
0.005447
0.005740
0.005492
0.005781
0.005718
0.005582
0.005515
0.005451
0.005413
0.005793
0.005458
0.005744
0.005747
0.007371
0.005657
0.006135
0.006432
0.005857
0.005766
0.005999
0.005454
0.005462
0.005496
0.005732
0.005496
0.005470
0.005420
0.005432
0.012206
0.005609
0.005620
0.005533
0.005533
0.005939
0.005849
0.005830
0.005559
0.005849
0.005816
0.005552
0.005563
0.005684
0.005613
0.005585
0.009570
0.005646
0.005879
0.005598
0.011303
0.007086
0.006566
0.006443
0.011935
0.006578
0.006398
0.006405
0.006319
0.006311
0.006398
0.006379
0.006496
0.006398
0.006349
0.006345
0.006353
0.010180
0.006526
0.006458
0.006342
0.007033
0.006469
0.010075
0.006525
0.006477
0.006401
0.006368
0.006375
0.008198
0.006920
0.007070
0.006585
0.006379
0.010293
0.006650
0.006450
0.006308
0.006781
0.006348
0.010010
0.006488
0.006470
0.006315
0.006304
0.006277
0.016442
0.006804
0.006514
0.006345
0.006248
0.006357
0.010089
0.006616
0.006462
0.006612
0.006398
0.006334
0.006307
0.010277
0.006488
0.006515
0.006473
0.006488
0.006458
0.010022
0.006578
0.006575
0.006480
0.006477
0.006481
0.012649
0.006709
0.006428
0.006349
0.006379
0.006322
0.009976
0.006510
0.006476
0.006259
0.006285
0.006375
0.006232
0.009984
0.006462
0.006420
0.006244
0.006364
0.006582
0.009972
0.006492
0.006458
0.006379
0.006386
0.006349
0.010146
0.006534
0.006496
0.006278
