0.048630
0.017622
0.007296
0.006815
0.007293
0.006917
0.006447
0.007007
0.006323
0.006721
0.006789
0.006334
0.006826
0.014247
0.006818
0.006638
0.006789
0.007661
0.007093
0.006435
0.006564
0.006398
0.006612
0.006582
0.006612
0.006421
0.006349
0.006337
0.010946
0.006529
0.006673
0.006759
0.006368
0.007154
0.007033
0.006695
0.006955
0.006454
0.006409
0.006819
0.006515
0.006744
0.006371
0.011002
0.006766
0.006660
0.006466
0.006646
0.006511
0.006879
0.006495
0.006575
0.006495
0.006665
0.006507
0.006608
0.006465
0.006638
0.006417
0.010686
0.006943
0.006739
0.006447
0.006436
0.006349
0.007292
0.007169
0.006954
0.007398
0.006893
0.006424
0.006724
0.006736
0.010848
0.006812
0.006718
0.006496
0.006729
0.006533
0.006909
0.006458
0.006649
0.006458
0.006578
0.006420
0.006868
0.006883
0.006604
0.006447
0.010645
0.006751
0.006672
0.006645
0.006571
0.006665
0.006646
0.006969
0.006883
0.006601
0.006680
0.017536
0.007898
0.007296
0.014739
0.007308
0.007274
0.007105
0.007153
0.007311
0.007281
0.007248
0.007247
0.007218
0.007473
0.007330
0.007263
0.007244
0.007236
0.007240
0.007258
0.007267
0.007273
0.007239
0.007259
0.007296
0.007236
0.011480
0.007533
0.007278
0.008442
0.007781
0.007243
0.008044
0.007612
0.011627
0.007198
0.007176
0.007003
0.007078
0.007127
0.007067
0.007101
0.007119
0.007067
0.007090
0.011167
0.007255
0.007454
0.007195
0.007168
0.007236
0.007213
0.007161
0.007176
0.007168
0.007173
0.014442
0.007225
0.007169
0.007229
0.007217
0.007199
0.007214
0.007179
0.007360
0.007203
0.007191
0.011122
0.007210
0.007142
0.007157
0.007164
0.007116
0.007094
0.007188
0.007307
0.007093
0.007055
0.007037
0.011145
0.007274
0.007431
0.007190
0.007165
0.007093
0.007104
0.007176
0.007093
0.007116
0.007097
0.011314
0.007277
0.007281
0.007157
0.007123
0.007145
0.007090
0.007112
0.007375
0.007112
