0.417171
0.408142
29.466303
0.411529
22.699328
0.397741
0.407477
6.553006
0.409857
0.502978
29.866544
0.409924
0.407721
22.722718
0.467579
0.465188
7.166264
0.463617
21.482981
0.370590
60.343191
0.368034
0.361827
0.357996
24.335543
8.358698
0.468271
0.465038
21.695683
1.338546
7.376695
1.601211
20.565257
1.372763
7.126145
1.405553
20.626494
1.344222
7.436256
1.526708
1.199425
20.395298
8.401235
1.349596
1.426957
26.257818
1.397351
1.338673
1.339229
24.855956
1.200063
1.183847
1.213247
26.849522
1.524746
1.342872
1.331392
1.355795
27.470333
1.278002
1.129714
1.065011
27.102043
1.639086
1.544582
1.528066
25.290097
0.974367
0.973931
0.973246
27.319374
1.274858
1.337174
1.342891
1.379311
26.764626
1.500339
1.344184
1.340624
26.743613
1.346168
1.383502
1.340835
26.427012
1.335763
1.325689
1.427663
26.628054
1.502095
1.342958
1.341214
1.357073
26.310857
1.664835
1.511492
1.528385
25.692863
1.525979
1.519661
1.345871
26.221942
1.333433
1.336711
1.361516
26.323947
1.577116
1.519653
1.517353
1.534756
24.078701
1.315258
1.313623
1.574646
26.885773
1.346634
1.338012
1.350691
27.516278
1.378676
1.325829
1.334700
1.370158
26.436749
1.358110
1.325351
1.333238
26.700637
0.408665
0.404575
0.412837
28.844990
0.464767
0.461140
0.470406
0.462422
28.980422
0.466233
0.576969
21.494538
0.366705
0.364915
6.862568
0.467049
22.518176
0.361288
7.095627
0.557107
0.462441
32.651307
0.407811
0.404936
19.483277
0.296766
5.649508
0.503048
0.409803
23.653038
0.465862
7.728817
0.467049
0.468658
28.581583
1.529009
1.447965
1.331452
19.511180
5.707100
0.407996
0.472157
23.415440
0.475199
7.430027
0.527024
29.673231
0.464828
0.472898
0.462279
0.462595
21.651845
7.878876
0.422633
22.328954
0.464703
7.433151
1.232854
1.189006
20.090722
1.209545
6.188581
1.324727
1.351100
21.261785
6.650126
1.179116
1.187954
29.840003
1.330858
1.411962
1.503346
23.878852
