21.572111
8.058057
0.650104
21.747594
6.646636
24.557372
0.768771
8.490194
1.890915
28.505305
2.077728
2.074149
26.474534
0.772396
28.952129
2.351423
2.056476
26.304111
0.780234
1.024702
29.016812
0.774733
0.784740
29.557810
0.794964
0.774808
29.462614
1.949070
20.046806
8.273293
2.429715
29.273527
2.465286
2.034526
25.910490
2.019874
2.108950
26.024700
1.150861
21.140274
9.344406
2.393107
27.310819
1.877557
0.965800
27.645674
21.949798
0.675293
7.322939
0.642128
21.768186
8.827321
0.724458
21.549343
8.266921
30.038686
0.742832
0.740151
21.003335
6.785926
24.426925
0.800182
7.848460
0.573871
30.490330
0.657074
21.218063
8.483318
0.764885
29.753157
0.694189
21.716448
0.672388
7.697808
29.165133
0.750270
23.305931
1.862999
5.552497
1.631749
22.216451
7.161753
30.376385
0.825954
0.732644
21.851362
8.217776
0.475817
22.797771
8.617450
1.586231
27.127674
0.861453
29.445000
0.749045
0.729682
21.108377
10.100395
4.091140
17.530742
5.952313
22.381176
5.393770
25.202209
0.395482
7.311736
23.331808
0.472222
6.818103
23.447780
6.951353
0.660228
22.850027
8.675366
2.325250
21.213214
8.014254
2.102906
20.490556
6.263910
23.675594
7.412768
2.127512
21.541639
8.504725
1.885659
21.436669
7.380426
29.711302
0.653668
22.901644
0.655209
7.839667
0.731076
21.476424
7.366010
23.133183
3.714594
0.645027
25.701408
7.647535
0.773215
27.289619
0.649985
25.756128
0.640046
6.886950
31.379470
0.743722
21.795706
0.743237
7.886136
0.953075
22.167529
7.932050
2.155441
21.837608
8.330768
28.837489
2.659397
2.462445
25.596363
2.360166
2.608030
25.761916
2.028098
29.264261
2.031895
2.095106
26.102052
2.093227
2.080390
28.467725
2.168823
2.018062
27.635554
1.780635
26.616912
1.623489
1.526365
27.524678
1.481735
2.035128
28.318384
1.930635
0.649093
27.732893
21.800668
0.744237
7.175208
0.730283
22.640191
10.205431
2.065376
26.581209
0.569553
21.270940
7.199499
0.916737
27.717534
