1.846626
1.854633
1.711100
1.621959
1.037392
0.538618
0.537763
0.537449
0.560796
0.662157
0.695897
0.720962
0.867863
0.950089
0.541039
0.536631
0.603583
0.540583
0.540082
0.540284
0.539851
0.540018
0.542716
0.710949
0.563219
0.539052
0.561498
0.543908
0.539787
0.539278
0.566628
0.632280
0.538861
0.538283
0.542554
0.782343
0.870354
0.911386
0.873959
0.889967
1.019849
0.803040
0.565487
0.536582
0.643704
0.534593
0.642231
0.541563
0.658164
0.536988
0.535144
0.534833
0.535247
0.536284
31.012578
0.532496
0.530848
0.530762
21.757870
6.011321
0.252508
0.316196
23.946939
0.440981
7.829771
22.112481
0.295273
0.291309
6.330930
23.279117
0.428388
0.415322
7.351962
22.345030
0.326054
0.381650
7.623350
0.501696
21.516060
0.329600
7.865945
0.367907
21.500675
0.467158
8.351603
22.236401
0.431945
0.416333
7.377466
22.408421
1.410452
1.497146
5.733642
1.411479
1.277817
27.562996
0.418078
0.420171
0.415702
28.664508
0.439117
0.436230
0.405376
0.489381
0.419029
0.417048
0.416585
0.417356
0.416972
0.416868
0.542263
5.969838
8.326873
0.426840
0.422074
29.401934
0.417409
0.413581
21.638838
0.331425
7.362483
0.377496
22.130131
0.324373
6.998078
0.338318
23.489370
0.292030
0.289101
6.971813
0.298022
22.703354
0.373380
8.619168
0.424261
21.406937
0.375041
8.285223
0.364456
21.661642
0.373244
8.474485
0.373515
21.564232
0.376688
8.689904
0.363666
21.656015
1.446820
6.553021
1.485613
1.269712
29.046390
1.297920
1.358152
1.260793
18.411966
7.434853
1.241477
1.241925
26.531818
0.416570
0.413519
23.602375
0.324806
6.951521
0.419197
0.423472
23.207951
7.150797
1.539769
1.600965
20.751905
7.761575
1.511306
1.400311
19.581761
1.121119
7.251450
1.499411
29.405085
1.393353
1.511851
1.381786
26.537000
1.369133
1.397762
1.508193
25.972825
1.471355
1.406096
1.406028
1.378044
17.253466
6.882294
0.534094
0.529951
22.571170
6.478483
0.628248
0.772154
22.863191
6.853462
0.529288
0.527404
30.543179
0.561359
0.567531
0.529073
28.683542
1.267765
1.413900
1.443956
28.581510
1.427523
0.613778
0.367140
19.390922
6.728368
0.368811
0.361310
23.080669
0.361971
8.494655
0.366606
28.672590
0.363110
0.367109
0.397524
23.045780
1.365105
6.466643
0.411958
0.409217
22.419343
7.639998
0.366365
0.365866
22.177671
7.501758
0.380879
0.409887
29.225291
1.387399
1.274840
1.114766
28.275805
0.323092
0.325567
22.302507
0.322654
7.461431
0.320454
0.318443
31.356191
0.361039
0.359028
0.358426
20.846860
8.272120
0.417232
0.414620
21.236904
0.371959
7.941488
22.349013
0.360313
0.359299
6.698854
23.491803
1.425147
1.392590
5.900222
1.183758
20.051427
1.252681
6.389055
0.420506
0.409067
22.561437
8.308660
0.412199
0.409484
29.055634
0.415465
0.446940
0.410503
22.702530
7.927950
1.266064
1.266118
28.531482
1.568213
1.430137
1.057520
18.473341
7.886347
1.445317
1.378065
28.766432
