21.572111
8.058057
0.650104
21.747594
6.646636
24.557372
0.768771
8.490194
1.890915
28.505305
2.077728
2.074149
26.474534
0.772396
28.952129
2.351423
2.056476
26.304111
0.780234
1.024702
29.016812
0.774733
0.784740
29.557810
0.794964
0.774808
29.462614
1.949070
20.046806
8.273293
2.429715
29.273527
2.465286
2.034526
25.910490
2.019874
2.108950
26.024700
1.150861
21.140274
9.344406
2.393107
27.310819
1.877557
0.965800
27.645674
21.949798
0.675293
7.322939
0.642128
21.768186
8.827321
0.724458
21.549343
8.266921
30.038686
0.742832
0.740151
21.003335
6.785926
24.426925
0.800182
7.848460
0.573871
30.490330
0.657074
21.218063
8.483318
0.764885
29.753157
0.694189
21.716448
0.672388
7.697808
29.165133
0.750270
23.305931
1.862999
5.552497
1.631749
22.216451
7.161753
30.376385
0.825954
0.732644
21.851362
8.217776
0.475817
22.797771
8.617450
1.586231
27.127674
0.861453
29.445000
0.749045
0.729682
21.108377
10.100395
4.091140
17.530742
5.952313
22.381176
5.393770
25.202209
0.395482
7.311736
23.331808
0.472222
6.818103
23.447780
6.951353
0.660228
22.850027
8.675366
2.325250
21.213214
8.014254
2.102906
20.490556
6.263910
23.675594
7.412768
2.127512
21.541639
8.504725
1.885659
21.436669
7.380426
29.711302
0.653668
22.901644
0.655209
7.839667
0.731076
21.476424
7.366010
23.133183
3.714594
0.645027
25.701408
7.647535
0.773215
27.289619
0.649985
25.756128
0.640046
6.886950
31.379470
0.743722
21.795706
0.743237
7.886136
0.953075
22.167529
7.932050
2.155441
21.837608
8.330768
28.837489
2.659397
2.462445
25.596363
2.360166
2.608030
25.761916
2.028098
29.264261
2.031895
2.095106
26.102052
2.093227
2.080390
28.467725
2.168823
2.018062
27.635554
1.780635
26.616912
1.623489
1.526365
27.524678
1.481735
2.035128
28.318384
1.930635
0.649093
27.732893
21.800668
0.744237
7.175208
0.730283
22.640191
10.205431
2.065376
26.581209
0.569553
21.270940
7.199499
0.916737
27.717534
0.404254
0.320236
24.657224
6.002491
0.284100
29.537601
0.666869
24.785904
8.576439
0.725209
29.051694
0.738054
0.641019
30.409690
0.769704
21.664810
8.312624
1.807739
20.423662
8.852536
0.728366
21.570438
8.819427
0.663952
29.196081
0.647447
21.719014
7.300318
0.755176
23.287018
7.666124
0.811624
21.441523
7.495145
22.944925
8.201910
0.567630
29.227803
0.724788
22.819533
0.736591
9.600142
2.143785
26.274724
0.741467
30.038232
0.796111
21.653703
0.735038
8.326009
0.663765
28.207378
0.849022
23.902848
6.530693
1.872351
20.584187
7.928665
2.032451
21.599284
8.021760
1.787494
21.018754
7.652982
29.745262
2.325201
1.993259
18.893942
8.489626
2.340616
28.037043
1.697301
28.195920
2.033384
1.815199
18.683893
8.138550
1.631083
29.431003
0.711432
21.700158
0.573179
7.617808
27.154629
2.320028
1.964102
21.339376
7.725181
2.105244
28.877868
0.728002
21.759834
7.569830
0.828490
21.543137
9.414045
2.152720
19.874653
7.101178
2.033519
