0.011661
0.006653
0.006446
0.006326
0.006304
0.006394
0.006300
0.006590
0.006650
0.006654
0.006601
0.006507
0.006390
0.012239
0.006766
0.006318
0.006469
0.007251
0.006406
0.006251
0.006247
0.006187
0.006503
0.006210
0.006172
0.006143
0.006589
0.006454
0.006702
0.006713
0.007044
0.006590
0.006627
0.006837
0.006901
0.006446
0.006304
0.006266
0.006229
0.006582
0.006274
0.006736
0.006277
0.006503
0.006327
0.006541
0.010909
0.006597
0.006759
0.006462
0.006303
0.006875
0.006183
0.006616
0.006454
0.006247
0.006322
0.029114
0.006867
0.006717
0.006857
0.006312
0.006278
0.006288
0.006579
0.007458
0.006710
0.006924
0.009702
0.012923
0.016224
0.008424
0.006827
0.006375
0.006545
0.006394
0.013292
0.006710
0.006495
0.006635
0.006488
0.006559
0.006943
0.006609
0.006382
0.006612
0.006406
0.006807
0.006465
0.006601
0.006387
0.006574
0.011006
0.006623
0.006604
0.006447
0.006638
0.006665
0.006887
0.006796
0.012976
0.007702
0.007375
0.007195
0.013062
0.007236
0.007104
0.007056
0.007109
0.007033
0.007104
0.007112
0.007097
0.007127
0.007089
0.007274
0.007164
0.007138
0.007108
0.007105
0.007101
0.007115
0.011405
0.007135
0.007070
0.006984
0.007064
0.007063
0.007165
0.009082
0.007282
0.007852
0.007728
0.007198
0.007232
0.007115
0.007082
0.011442
0.007326
0.007218
0.007051
0.007033
0.007033
0.007041
0.007056
0.007164
0.018314
0.007548
0.007150
0.007408
0.006924
0.006928
0.006999
0.006995
0.006940
0.015292
0.007228
0.007052
0.007040
0.006966
0.006950
0.006891
0.006958
0.006936
0.011194
0.007138
0.007299
0.006887
0.006961
0.006894
0.006845
0.006901
0.006868
0.011111
0.007157
0.007044
0.006969
0.006928
0.006954
0.006940
0.006984
0.011243
0.007142
0.007356
0.007078
0.007026
0.007086
0.007071
0.007033
0.007066
0.011281
0.007168
0.007086
0.007030
0.006999
0.007003
0.007029
0.006991
0.007060
0.011183
0.011859
0.007668
0.007428
0.007199
0.007188
0.007187
0.007123
0.007172
0.016110
0.007424
0.007401
0.007097
0.007109
0.007135
0.007067
0.007085
0.007026
0.007161
0.007105
0.007056
0.007101
0.007101
0.007048
0.007063
0.007074
0.011525
0.007304
0.007368
0.007157
0.007097
0.007112
0.007191
0.007138
0.007120
0.011363
0.007458
0.007375
0.007135
0.007142
0.007217
0.007255
0.007131
0.007146
0.011360
0.007548
0.007262
0.007267
0.007161
0.007262
0.007270
0.007198
0.007149
0.011401
0.007251
0.007262
0.007157
0.007104
0.009450
0.007604
0.007394
0.007330
0.007560
0.008003
0.007454
0.007221
0.007206
0.011465
0.007289
0.007206
0.010375
0.019821
0.013755
0.012202
0.011412
0.011946
0.021295
0.012074
0.012611
0.011871
0.012036
0.012198
0.012476
0.012529
0.012765
0.021731
0.013058
0.013499
0.013592
0.012439
0.012367
0.014269
0.012194
0.018953
0.012750
0.012247
0.013047
0.011845
0.012517
0.012442
0.013126
