0.014562
0.010663
0.010325
0.011124
0.010315
0.010622
0.010523
0.010348
0.010334
0.010338
0.010370
0.010642
0.010328
0.010320
0.010302
0.010503
0.010285
0.011147
0.010520
0.010287
0.010255
0.010237
0.010327
0.010259
0.010262
0.010221
0.010345
0.010307
0.010282
0.010515
0.010989
0.010485
0.010312
0.012252
0.010978
0.010488
0.010668
0.010603
0.010355
0.010570
0.010487
0.010636
0.010417
0.010397
0.010362
0.010410
0.010395
0.013522
0.019532
0.018138
0.028591
0.009197
0.004495
0.004167
0.004368
0.004062
0.004088
0.004025
0.004306
0.004007
0.004074
0.004030
0.004014
0.004232
0.004059
0.005987
0.004333
0.004438
0.004627
0.004165
0.004067
0.004002
0.004262
0.004241
0.004000
0.004007
0.004172
0.004065
0.004273
0.007094
0.004217
0.004095
0.004074
0.004197
0.004132
0.004075
0.004378
0.005127
0.007851
0.007493
0.013181
0.009160
0.012845
0.007533
0.007124
0.012334
0.007496
0.006818
0.007979
0.007423
0.012818
0.005737
0.004737
0.004761
0.009114
0.004742
0.011158
0.006447
0.006356
0.006338
0.006289
0.006184
0.006500
0.006349
0.006297
0.006319
0.006285
0.006277
0.010292
0.006443
0.006420
0.006296
0.006266
0.006266
0.010107
0.006454
0.006398
0.006334
0.006232
0.008435
0.006733
0.007356
0.006600
0.006443
0.006326
0.006334
0.010236
0.006439
0.006364
0.006237
0.006266
0.006210
0.006218
0.009943
0.006402
0.006357
0.006435
0.006278
0.006229
0.006243
0.009893
0.006431
0.006372
0.006240
0.006270
0.006251
0.013021
0.006417
0.006398
0.006319
0.006312
0.006346
0.006346
0.010383
0.006465
0.006387
0.006258
0.006281
0.006228
0.006236
0.016803
0.006559
0.006534
0.006345
0.006341
0.006263
0.006296
0.010059
0.006506
0.006375
0.006469
0.006225
0.006221
0.010270
0.006499
0.006443
0.006327
0.006315
0.006409
0.006360
0.010014
0.006518
0.006304
0.006361
0.006319
0.006296
0.006292
0.010123
0.006526
0.006406
