1.852310
1.697368
1.716554
17.605916
7.734643
1.989918
27.580414
1.694571
1.697350
27.257347
0.387157
0.427028
0.383341
29.639964
0.543711
21.688417
0.693288
7.788767
0.472485
0.425821
22.632001
7.942370
1.663164
28.002656
1.503706
1.603327
26.727547
0.552736
0.583920
24.020651
1.698759
5.946313
1.515964
28.509462
1.825801
1.703409
1.722219
27.230978
1.629456
1.565316
26.150596
1.857689
1.720561
1.690599
25.547963
0.546079
21.931233
0.546725
8.084885
0.546424
21.510843
1.700270
7.806679
1.706600
19.998225
8.332470
0.542753
30.216046
0.547270
0.541748
0.627544
20.766981
7.471948
1.700875
22.178077
7.714558
1.701439
1.727507
18.795526
7.797204
0.480612
30.394982
0.480548
22.679408
0.554878
0.558081
7.739782
22.383976
0.544770
8.142781
0.476485
30.022797
1.984566
2.819582
2.204755
16.342507
8.207883
1.708397
20.153847
9.145591
1.760778
1.722182
26.296830
0.547285
21.571830
0.317907
5.928262
24.313243
0.343952
0.322267
6.070353
0.483262
23.539895
4.641452
0.475071
31.158216
0.548371
0.642951
0.549830
31.482571
0.542102
22.575330
0.474797
7.565589
0.544466
0.655578
29.855635
0.552908
22.160921
1.697646
5.552471
0.556758
0.550164
21.687481
7.852538
0.556983
22.350320
5.220499
0.528125
29.098783
0.551548
0.549571
25.579542
0.216734
8.206011
0.610958
21.542719
0.545876
9.072828
0.574394
20.550931
9.273813
1.990989
19.767882
8.198001
1.697320
1.693691
19.985869
7.940213
1.711919
19.823257
5.922906
1.791154
1.689692
20.914211
7.475441
0.473925
22.640343
5.052158
25.316927
0.235854
0.255396
4.752595
0.542835
24.747198
6.407051
1.867229
1.859512
21.535242
7.992222
1.717913
19.967420
7.533363
22.290549
0.423330
0.427905
6.960157
0.422081
22.769949
7.553358
0.553427
22.580423
0.561840
8.196959
22.279174
0.474729
7.469777
0.487544
26.563842
0.474500
0.480883
25.446361
0.754534
5.339161
1.935107
27.863054
1.361152
1.359731
1.460264
22.200471
7.716899
1.834695
28.235379
1.675281
1.689339
1.754415
26.292636
1.986467
1.925279
16.628763
0.410616
6.112050
0.315884
0.315687
24.083712
8.298726
22.155915
0.473184
7.687632
1.756501
1.731146
23.460104
0.537816
25.616592
0.222481
4.766024
0.539504
0.548292
29.502487
0.555349
24.811890
0.475097
6.765655
0.871467
22.402042
0.752378
5.832279
1.939977
22.168221
4.802674
0.642250
24.574642
8.059950
1.948246
1.907003
27.089345
1.447230
1.349612
27.000659
1.680403
1.804168
1.693526
26.120237
1.693323
1.718204
25.677491
0.666626
0.648874
0.647641
20.883106
7.059450
0.638914
22.454417
7.038697
0.641303
0.642011
23.251858
8.235722
1.697984
28.782766
1.925001
1.946446
17.493302
1.496923
7.229168
1.955625
28.854712
1.952546
1.805075
25.596066
1.750043
1.686260
1.722203
17.365532
8.009247
0.474011
29.500926
0.471902
0.557032
0.468436
21.071463
8.146043
0.540959
21.408599
7.671670
0.537906
0.512390
22.555783
8.759340
1.736672
