0.010296
0.006221
0.005789
0.005680
0.005575
0.005582
0.005988
0.005597
0.005917
0.005676
0.005890
0.005473
0.005852
0.005552
0.005440
0.005762
0.005827
0.006545
0.005590
0.005958
0.005435
0.005458
0.005766
0.005676
0.005398
0.005349
0.006037
0.005555
0.005571
0.006082
0.006210
0.005744
0.005830
0.006082
0.011420
0.005909
0.005619
0.006349
0.005706
0.005973
0.005917
0.005567
0.005526
0.005894
0.005917
0.005548
0.005582
0.005545
0.005635
0.005533
0.005530
0.005613
0.005661
0.005503
0.005556
0.006082
0.005631
0.005541
0.005544
0.005564
0.005642
0.005499
0.005499
0.005529
0.005616
0.007774
0.005785
0.006157
0.006285
0.005860
0.005590
0.005499
0.005476
0.005740
0.005574
0.005526
0.005525
0.005567
0.005563
0.005537
0.009438
0.005654
0.005609
0.005999
0.005586
0.005639
0.005921
0.005597
0.005555
0.005585
0.005593
0.005743
0.005932
0.005594
0.005928
0.005924
0.009469
0.005834
0.005747
0.005672
0.011243
0.006966
0.006969
0.006650
0.011465
0.006710
0.006676
0.006536
0.006455
0.006567
0.006521
0.006533
0.006518
0.006534
0.006492
0.010386
0.006635
0.006579
0.006511
0.007988
0.010311
0.006646
0.006563
0.006526
0.006586
0.006484
0.010153
0.006703
0.006638
0.008330
0.007213
0.007244
0.006909
0.006526
0.006654
0.010206
0.007427
0.006676
0.006578
0.006578
0.010183
0.006612
0.006570
0.006589
0.006485
0.006616
0.010232
0.006624
0.006657
0.006582
0.006473
0.010157
0.006627
0.006946
0.006443
0.006466
0.006465
0.012611
0.006755
0.006548
0.006578
0.101046
0.035529
0.017635
0.012502
0.011625
0.011428
0.011578
0.014946
0.011648
0.011547
0.011457
0.011448
0.014495
0.011538
0.011457
0.011490
0.011413
0.011458
0.014467
0.011532
0.011460
0.011450
0.011415
0.014825
0.011577
0.011427
0.011585
0.011434
0.014788
0.011657
0.011640
0.011410
0.011450
0.011410
0.014582
0.011498
0.011623
0.011437
0.011527
0.015181
0.011500
0.011433
0.011322
0.011397
0.012107
0.015758
0.011427
0.011445
0.011314
0.011339
0.011274
0.011402
0.011570
0.011393
0.011319
0.011430
0.014881
0.011404
0.011349
0.011329
0.011295
0.014340
0.011382
0.011432
0.011423
0.011384
0.016472
0.011377
0.011570
0.011576
0.012196
0.011502
0.016164
0.011367
0.011337
0.011360
0.011264
0.017502
0.011458
0.011350
0.011317
0.011382
0.011322
0.014429
0.011378
0.011375
0.011590
0.011325
0.019900
0.011625
0.011380
0.011325
0.011352
0.011310
0.014454
0.011329
0.012748
0.011397
0.011389
0.012184
0.011633
0.011359
0.014562
0.011485
0.011387
0.011257
0.011249
0.011231
0.014327
0.011267
0.011245
0.011372
0.011274
0.014507
0.011329
0.011317
0.011297
0.011332
0.011340
0.014355
0.011443
0.011322
0.011387
0.011235
0.014470
0.011307
0.011234
0.011280
0.011254
0.011257
0.014394
0.011289
0.011240
0.011299
0.011232
0.014252
0.011320
0.011616
0.011409
