0.018885
0.007097
0.006657
0.006567
0.006868
0.006574
0.006477
0.006623
0.006439
0.006511
0.006725
0.006371
0.006262
0.006841
0.014141
0.006447
0.006631
0.007653
0.006744
0.006412
0.006391
0.006477
0.006616
0.006699
0.006800
0.006405
0.006620
0.006507
0.006337
0.006721
0.007319
0.006842
0.006605
0.007067
0.006917
0.006894
0.006703
0.006481
0.006630
0.006435
0.011457
0.006570
0.006710
0.006856
0.006973
0.006349
0.006601
0.006406
0.006308
0.006319
0.006296
0.006582
0.006304
0.006338
0.006288
0.006247
0.006566
0.006296
0.006405
0.006431
0.006660
0.006571
0.006289
0.006650
0.006315
0.007285
0.006465
0.006992
0.007353
0.006356
0.010863
0.006706
0.006668
0.006627
0.006830
0.006424
0.006308
0.006428
0.006590
0.006657
0.006443
0.006390
0.006334
0.006781
0.006574
0.006555
0.010935
0.006826
0.006687
0.006589
0.006935
0.006518
0.006703
0.006522
0.006781
0.007109
0.006529
0.006315
0.006417
0.006676
0.013322
0.007600
0.007108
0.007025
0.006875
0.007266
0.007105
0.007108
0.006947
0.006969
0.006984
0.013288
0.007119
0.007082
0.007025
0.007014
0.006943
0.006954
0.007022
0.007029
0.006912
0.006924
0.007224
0.006958
0.006935
0.006954
0.006943
0.006909
0.006939
0.009168
0.007165
0.007439
0.007943
0.007424
0.007120
0.007090
0.007022
0.011330
0.007078
0.007394
0.006984
0.007082
0.006999
0.006981
0.007022
0.007006
0.006981
0.014769
0.007228
0.006988
0.006939
0.006954
0.006920
0.006882
0.006950
0.006943
0.007232
0.011191
0.007217
0.007021
0.006981
0.006909
0.006845
0.006894
0.006894
0.006871
0.006883
0.011228
0.007052
0.007063
0.006887
0.006905
0.006901
0.007187
0.006928
0.006916
0.006879
0.011397
0.007104
0.007014
0.006996
0.007014
0.006951
0.006890
0.006992
0.007006
0.006882
0.011198
0.007134
0.006977
0.007221
0.006932
0.006868
0.006980
0.006935
0.006947
0.011168
0.007203
0.007097
0.006935
