27.090944
1.522317
31.634586
2.398671
23.913778
1.224228
1.421098
25.352490
8.164395
20.996859
7.347534
1.884440
29.164884
0.630356
31.374370
0.812027
22.066665
8.282092
1.887718
21.249740
8.924701
29.165930
2.509729
2.412101
27.327975
2.639444
18.617638
5.730147
32.054381
2.789142
3.579922
17.355996
7.915739
29.677873
2.204090
2.224787
27.457488
2.132823
27.090829
2.147908
2.107717
27.515973
1.988802
20.722814
8.172495
30.422689
2.014296
2.134690
28.116305
2.339041
27.225021
0.802436
0.853420
27.592024
2.108223
22.265203
8.029666
0.717616
22.321058
8.286337
21.860759
7.486861
0.748977
31.628592
0.723664
20.791478
8.606003
30.302860
0.736298
22.671729
2.104973
6.624212
28.679905
1.826589
0.628600
20.776715
8.325994
30.533259
1.007195
0.794949
29.219865
0.878965
28.912831
0.795505
21.222916
9.048778
2.102954
20.710647
6.462145
29.030047
1.807070
2.538430
20.718697
5.984238
32.029726
2.173135
1.410133
28.921791
20.974348
0.796737
7.580479
0.811489
29.526161
0.654060
29.981788
0.712395
21.828322
8.505204
0.570308
21.980881
9.580629
29.094558
2.100902
2.423401
28.181306
2.186731
27.110458
2.211529
2.093309
18.987619
7.958169
30.517766
1.868317
1.897635
27.950900
20.805116
0.817098
7.440307
30.637330
0.721416
21.037869
0.812361
8.122659
21.879441
9.026694
2.499365
26.862204
0.730058
22.950646
8.748308
2.107184
20.499149
7.417689
22.974153
7.916462
2.093651
21.958458
9.203163
27.636573
2.401252
2.096797
24.815799
1.840783
30.590384
0.832535
21.841588
7.953937
22.385430
0.469321
5.851142
31.841700
2.154295
2.100150
24.052745
2.525976
22.052974
8.368622
1.861180
21.341967
6.046511
24.610635
6.083214
2.139143
31.323777
2.125246
20.328350
8.535697
2.102102
27.546597
1.949979
20.741560
7.134573
2.398042
30.429496
1.681192
20.489956
6.287924
31.475658
1.879743
2.390727
19.688521
7.052920
22.991753
5.921030
1.397765
24.814289
8.850628
20.740530
5.826166
2.110473
22.926354
6.345934
23.888137
7.462768
2.257806
27.508599
2.080082
26.823090
1.868227
1.852413
26.634233
0.790864
31.996850
0.935448
31.073868
1.329053
2.454596
17.861883
8.477642
22.521433
7.300416
0.872186
22.626035
7.878408
22.841842
5.280127
0.799810
32.352679
0.632350
22.238252
4.894420
0.711551
30.688371
0.795360
24.575229
9.227465
2.134027
27.484962
2.429163
20.443578
8.678669
20.691039
7.607435
0.783455
22.726076
7.657188
22.985913
5.334022
2.120731
24.215859
8.268421
20.721946
6.083136
2.082216
23.165594
6.345213
23.974382
9.013252
2.087912
26.065492
2.070132
22.738208
7.036812
0.706782
31.555770
21.492281
0.799712
8.120223
22.247785
6.048256
0.808038
24.056775
7.949122
29.914663
2.136738
1.850155
19.437708
8.096576
29.905000
2.348788
2.473602
25.753120
2.556148
26.304544
2.224648
2.191159
29.534941
2.145664
24.646249
1.651744
1.740335
27.228308
24.913096
0.855424
7.324071
0.799844
29.509335
21.792085
0.656612
8.885868
