0.027381
0.010828
0.010310
0.010523
0.010315
0.010319
0.010232
0.010317
0.010633
0.015474
0.010528
0.010335
0.010333
0.010282
0.010295
0.010274
0.010320
0.011127
0.010668
0.010337
0.010289
0.010590
0.010332
0.010309
0.010292
0.010631
0.010415
0.010861
0.010628
0.010555
0.011031
0.010764
0.010395
0.010934
0.014582
0.010740
0.010420
0.010428
0.010362
0.010348
0.010377
0.010363
0.010402
0.010588
0.010412
0.010462
0.010407
0.010603
0.010375
0.010292
0.010613
0.010428
0.010372
0.010307
0.010663
0.010297
0.010728
0.010342
0.010355
0.010365
0.010349
0.010389
0.010357
0.010435
0.010417
0.012119
0.010638
0.010728
0.011134
0.010535
0.010430
0.010375
0.010404
0.010433
0.010395
0.010758
0.010605
0.010640
0.010468
0.010420
0.010390
0.014144
0.010530
0.010400
0.010424
0.010373
0.010354
0.010428
0.010408
0.010438
0.010389
0.010576
0.010357
0.010377
0.010620
0.010390
0.010352
0.013748
0.010462
0.010536
0.015008
0.118180
0.019406
0.014536
0.019267
0.013902
0.013886
0.013898
0.013810
0.014067
0.013896
0.013906
0.013803
0.013907
0.018067
0.013944
0.013833
0.013956
0.013833
0.017817
0.014037
0.013863
0.013933
0.013863
0.017709
0.013993
0.013981
0.013900
0.013783
0.015631
0.014682
0.014596
0.013972
0.020055
0.014034
0.013866
0.014028
0.014010
0.017628
0.014101
0.015229
0.014070
0.014047
0.018133
0.013977
0.013938
0.013984
0.013898
0.017689
0.014000
0.014023
0.014067
0.013896
0.017917
0.013956
0.013909
0.014013
0.013885
0.013915
0.021237
0.014056
0.013839
0.013984
0.013876
0.017748
0.013960
0.014010
0.013954
0.013965
0.017806
0.014062
0.013942
0.013980
0.015223
0.017905
0.013947
0.013998
0.014173
0.013911
0.017640
0.014002
0.013914
0.013836
0.013875
0.017649
0.013932
0.013896
0.013918
0.013797
0.023415
0.014088
0.013971
0.013951
0.014058
0.018058
0.013959
0.014007
0.014010
0.013972
0.013983
