0.048630
0.017622
0.007296
0.006815
0.007293
0.006917
0.006447
0.007007
0.006323
0.006721
0.006789
0.006334
0.006826
0.014247
0.006818
0.006638
0.006789
0.007661
0.007093
0.006435
0.006564
0.006398
0.006612
0.006582
0.006612
0.006421
0.006349
0.006337
0.010946
0.006529
0.006673
0.006759
0.006368
0.007154
0.007033
0.006695
0.006955
0.006454
0.006409
0.006819
0.006515
0.006744
0.006371
0.011002
0.006766
0.006660
0.006466
0.006646
0.006511
0.006879
0.006495
0.006575
0.006495
0.006665
0.006507
0.006608
0.006465
0.006638
0.006417
0.010686
0.006943
0.006739
0.006447
0.006436
0.006349
0.007292
0.007169
0.006954
0.007398
0.006893
0.006424
0.006724
0.006736
0.010848
0.006812
0.006718
0.006496
0.006729
0.006533
0.006909
0.006458
0.006649
0.006458
0.006578
0.006420
0.006868
0.006883
0.006604
0.006447
0.010645
0.006751
0.006672
0.006645
0.006571
0.006665
0.006646
0.006969
0.006883
0.006601
0.006680
