0.011661
0.006653
0.006446
0.006326
0.006304
0.006394
0.006300
0.006590
0.006650
0.006654
0.006601
0.006507
0.006390
0.012239
0.006766
0.006318
0.006469
0.007251
0.006406
0.006251
0.006247
0.006187
0.006503
0.006210
0.006172
0.006143
0.006589
0.006454
0.006702
0.006713
0.007044
0.006590
0.006627
0.006837
0.006901
0.006446
0.006304
0.006266
0.006229
0.006582
0.006274
0.006736
0.006277
0.006503
0.006327
0.006541
0.010909
0.006597
0.006759
0.006462
0.006303
0.006875
0.006183
0.006616
0.006454
0.006247
0.006322
0.029114
0.006867
0.006717
0.006857
0.006312
0.006278
0.006288
0.006579
0.007458
0.006710
0.006924
0.009702
0.012923
0.016224
0.008424
0.006827
0.006375
0.006545
0.006394
0.013292
0.006710
0.006495
0.006635
0.006488
0.006559
0.006943
0.006609
0.006382
0.006612
0.006406
0.006807
0.006465
0.006601
0.006387
0.006574
0.011006
0.006623
0.006604
0.006447
0.006638
0.006665
0.006887
0.006796
