0.012404
0.006883
0.007041
0.006586
0.006559
0.006496
0.006387
0.006559
0.006345
0.006376
0.012690
0.006511
0.006627
0.006800
0.006221
0.006202
0.006338
0.007413
0.006638
0.006654
0.006353
0.006721
0.006755
0.006593
0.006676
0.006552
0.006635
0.006390
0.006480
0.006608
0.007131
0.006620
0.006259
0.006996
0.006849
0.006296
0.006792
0.006605
0.006289
0.006191
0.006233
0.006511
0.006176
0.010916
0.006289
0.006394
0.006240
0.006706
0.006244
0.006511
0.006210
0.006567
0.006816
0.006485
0.006202
0.006601
0.006555
0.006488
0.006330
0.006593
0.006372
0.006575
0.006736
0.006303
0.023823
0.034126
0.025096
0.026988
0.014954
0.013238
0.012915
0.013051
0.012651
0.018792
0.012840
0.012783
0.012754
0.012646
0.012673
0.012630
0.013015
0.012633
0.013063
0.012759
0.012709
0.012768
0.012700
0.012657
0.012666
0.017358
0.012885
0.012801
0.012706
0.013132
0.012709
0.012729
0.012741
0.012675
0.013111
0.012708
