21.572111
8.058057
0.650104
21.747594
6.646636
24.557372
0.768771
8.490194
1.890915
28.505305
2.077728
2.074149
26.474534
0.772396
28.952129
2.351423
2.056476
26.304111
0.780234
1.024702
29.016812
0.774733
0.784740
29.557810
0.794964
0.774808
29.462614
1.949070
20.046806
8.273293
2.429715
29.273527
2.465286
2.034526
25.910490
2.019874
2.108950
26.024700
1.150861
21.140274
9.344406
2.393107
27.310819
1.877557
0.965800
27.645674
21.949798
0.675293
7.322939
0.642128
21.768186
8.827321
0.724458
21.549343
8.266921
30.038686
0.742832
0.740151
21.003335
6.785926
24.426925
0.800182
7.848460
0.573871
30.490330
0.657074
21.218063
8.483318
0.764885
29.753157
0.694189
21.716448
0.672388
7.697808
29.165133
0.750270
23.305931
1.862999
5.552497
1.631749
22.216451
7.161753
30.376385
0.825954
0.732644
21.851362
8.217776
0.475817
22.797771
8.617450
1.586231
27.127674
0.861453
29.445000
0.749045
0.729682
21.108377
10.100395
4.091140
17.530742
