0.018885
0.007097
0.006657
0.006567
0.006868
0.006574
0.006477
0.006623
0.006439
0.006511
0.006725
0.006371
0.006262
0.006841
0.014141
0.006447
0.006631
0.007653
0.006744
0.006412
0.006391
0.006477
0.006616
0.006699
0.006800
0.006405
0.006620
0.006507
0.006337
0.006721
0.007319
0.006842
0.006605
0.007067
0.006917
0.006894
0.006703
0.006481
0.006630
0.006435
0.011457
0.006570
0.006710
0.006856
0.006973
0.006349
0.006601
0.006406
0.006308
0.006319
0.006296
0.006582
0.006304
0.006338
0.006288
0.006247
0.006566
0.006296
0.006405
0.006431
0.006660
0.006571
0.006289
0.006650
0.006315
0.007285
0.006465
0.006992
0.007353
0.006356
0.010863
0.006706
0.006668
0.006627
0.006830
0.006424
0.006308
0.006428
0.006590
0.006657
0.006443
0.006390
0.006334
0.006781
0.006574
0.006555
0.010935
0.006826
0.006687
0.006589
0.006935
0.006518
0.006703
0.006522
0.006781
0.007109
0.006529
0.006315
0.006417
0.006676
