0.014562
0.010663
0.010325
0.011124
0.010315
0.010622
0.010523
0.010348
0.010334
0.010338
0.010370
0.010642
0.010328
0.010320
0.010302
0.010503
0.010285
0.011147
0.010520
0.010287
0.010255
0.010237
0.010327
0.010259
0.010262
0.010221
0.010345
0.010307
0.010282
0.010515
0.010989
0.010485
0.010312
0.012252
0.010978
0.010488
0.010668
0.010603
0.010355
0.010570
0.010487
0.010636
0.010417
0.010397
0.010362
0.010410
0.010395
0.013522
0.019532
0.018138
0.028591
0.009197
0.004495
0.004167
0.004368
0.004062
0.004088
0.004025
0.004306
0.004007
0.004074
0.004030
0.004014
0.004232
0.004059
0.005987
0.004333
0.004438
0.004627
0.004165
0.004067
0.004002
0.004262
0.004241
0.004000
0.004007
0.004172
0.004065
0.004273
0.007094
0.004217
0.004095
0.004074
0.004197
0.004132
0.004075
0.004378
0.005127
0.007851
0.007493
0.013181
0.009160
0.012845
0.007533
0.007124
0.012334
0.007496
0.006818
0.007979
0.007423
