0.010307
0.005845
0.005653
0.005638
0.005920
0.005518
0.005484
0.005537
0.005872
0.005529
0.005469
0.006886
0.005980
0.005578
0.005499
0.005473
0.005465
0.006439
0.005537
0.005428
0.005525
0.005887
0.005495
0.005473
0.005511
0.005830
0.005571
0.005485
0.005443
0.006164
0.006349
0.006082
0.005574
0.005988
0.006022
0.005522
0.005778
0.005462
0.005401
0.005545
0.005466
0.005849
0.005421
0.005481
0.005469
0.010856
0.005616
0.006079
0.005465
0.005718
0.005484
0.005525
0.005774
0.005371
0.005758
0.005548
0.005402
0.005454
0.005454
0.005537
0.005401
0.005804
0.005458
0.005428
0.005785
0.006563
0.005639
0.006025
0.006333
0.005766
0.005545
0.005375
0.005755
0.005368
0.005818
0.009657
0.005657
0.005582
0.005537
0.005586
0.005661
0.005906
0.005518
0.005638
0.012837
0.014608
0.006105
0.005703
0.005518
0.005522
0.006157
0.013833
0.006071
0.005582
0.005481
0.005496
0.005852
0.005534
0.005435
0.005473
