0.027381
0.010828
0.010310
0.010523
0.010315
0.010319
0.010232
0.010317
0.010633
0.015474
0.010528
0.010335
0.010333
0.010282
0.010295
0.010274
0.010320
0.011127
0.010668
0.010337
0.010289
0.010590
0.010332
0.010309
0.010292
0.010631
0.010415
0.010861
0.010628
0.010555
0.011031
0.010764
0.010395
0.010934
0.014582
0.010740
0.010420
0.010428
0.010362
0.010348
0.010377
0.010363
0.010402
0.010588
0.010412
0.010462
0.010407
0.010603
0.010375
0.010292
0.010613
0.010428
0.010372
0.010307
0.010663
0.010297
0.010728
0.010342
0.010355
0.010365
0.010349
0.010389
0.010357
0.010435
0.010417
0.012119
0.010638
0.010728
0.011134
0.010535
0.010430
0.010375
0.010404
0.010433
0.010395
0.010758
0.010605
0.010640
0.010468
0.010420
0.010390
0.014144
0.010530
0.010400
0.010424
0.010373
0.010354
0.010428
0.010408
0.010438
0.010389
0.010576
0.010357
0.010377
0.010620
0.010390
0.010352
0.013748
0.010462
0.010536
