28.367664
2.020701
1.889023
18.169680
4.773330
1.568392
24.741365
5.295643
1.414893
23.824179
4.939430
1.872725
23.056214
5.043572
0.633659
30.847029
2.008559
2.110244
29.630096
1.993095
1.774551
18.037542
5.923063
1.093916
23.886784
7.484908
2.136098
21.081040
8.564400
2.121701
28.204442
3.015414
1.886430
25.315071
1.823662
1.756350
26.892046
1.800045
1.848551
18.672650
7.633439
1.726988
26.740195
1.567306
1.572665
22.115183
7.314556
0.679466
22.755061
7.474013
0.685697
22.573762
7.758376
0.603188
30.319426
0.560325
22.921198
0.541323
0.535407
7.863940
21.660318
0.618345
9.265476
20.476200
0.530345
7.592650
0.618412
22.577687
7.883972
0.621506
31.226855
0.538797
0.543038
30.148783
0.625322
20.546063
0.678691
8.174774
0.605031
21.706205
9.904656
1.898435
28.086390
1.754148
1.787426
27.259414
1.786561
1.783024
26.192398
1.751975
1.794196
26.364466
1.916690
1.771300
27.093766
1.600451
1.875731
26.910744
0.537670
21.861360
