0.010360
0.006195
0.005789
0.005936
0.005609
0.005924
0.005545
0.005594
0.005544
0.005654
0.005593
0.005612
0.005579
0.005593
0.005604
0.005706
0.005924
0.006522
0.005639
0.005811
0.005811
0.006011
0.005943
0.005582
0.005578
0.005548
0.005991
0.005627
0.005560
0.005943
0.006446
0.006045
0.005710
0.007371
0.006135
0.005676
0.005530
0.005789
0.005507
0.005958
0.005717
0.005432
0.005462
0.005763
0.005492
0.005492
0.005545
0.005458
0.005766
0.005436
0.005473
0.005752
0.005447
0.005740
0.005492
0.005781
0.005718
0.005582
0.005515
0.005451
0.005413
0.005793
0.005458
0.005744
0.005747
0.007371
0.005657
0.006135
0.006432
0.005857
0.005766
0.005999
0.005454
0.005462
0.005496
0.005732
0.005496
0.005470
0.005420
0.005432
0.012206
0.005609
0.005620
0.005533
0.005533
0.005939
0.005849
0.005830
0.005559
0.005849
0.005816
0.005552
0.005563
0.005684
0.005613
0.005585
0.009570
0.005646
0.005879
0.005598
