1.846626
1.854633
1.711100
1.621959
1.037392
0.538618
0.537763
0.537449
0.560796
0.662157
0.695897
0.720962
0.867863
0.950089
0.541039
0.536631
0.603583
0.540583
0.540082
0.540284
0.539851
0.540018
0.542716
0.710949
0.563219
0.539052
0.561498
0.543908
0.539787
0.539278
0.566628
0.632280
0.538861
0.538283
0.542554
0.782343
0.870354
0.911386
0.873959
0.889967
1.019849
0.803040
0.565487
0.536582
0.643704
0.534593
0.642231
0.541563
0.658164
0.536988
0.535144
0.534833
0.535247
0.536284
31.012578
0.532496
0.530848
0.530762
21.757870
6.011321
0.252508
0.316196
23.946939
0.440981
7.829771
22.112481
0.295273
0.291309
6.330930
23.279117
0.428388
0.415322
7.351962
22.345030
0.326054
0.381650
7.623350
0.501696
21.516060
0.329600
7.865945
0.367907
21.500675
0.467158
8.351603
22.236401
0.431945
0.416333
7.377466
22.408421
1.410452
1.497146
5.733642
1.411479
1.277817
27.562996
0.418078
0.420171
0.415702
28.664508
