6.213575
0.640699
22.670863
8.137309
21.700821
8.414590
0.721592
30.357298
0.724185
21.701148
0.723734
6.891271
0.580600
31.517065
0.460730
21.724784
0.462918
8.753712
20.898579
7.375808
0.745894
31.042303
0.722979
21.837765
0.631752
7.060159
0.723362
29.965360
0.618009
0.561648
22.201917
11.060019
26.257603
0.731331
0.719231
21.897397
8.097980
22.275098
0.571990
7.578640
0.645040
21.662209
8.914981
0.639579
20.593714
7.644631
22.716526
0.638538
8.214751
21.669099
8.400768
0.808394
21.526732
8.191682
0.723006
21.509403
8.291724
22.652490
0.655044
7.909207
0.631602
22.633920
7.972016
28.197954
2.023277
1.768655
28.434487
2.120217
2.010929
17.172183
8.353555
0.722995
21.482574
8.020923
0.580880
21.846063
8.850024
0.562981
30.692025
0.633098
21.067118
8.504239
0.639933
20.729889
8.525608
0.723299
21.443897
8.214075
2.022476
29.631450
1.998982
2.014970
26.513710
1.765990
1.739380
19.377319
7.842440
21.777095
8.432871
1.738884
