0.017829
0.013737
0.012898
0.012624
0.012546
0.012622
0.012452
0.012488
0.012461
0.012600
0.012606
0.013012
0.018264
0.012978
0.012630
0.012645
0.012620
0.013430
0.012900
0.012973
0.012532
0.012524
0.012922
0.012530
0.012513
0.012592
0.012630
0.012657
0.012443
0.012979
0.013372
0.012820
0.013087
0.013348
0.013138
0.013087
0.012824
0.012781
0.012711
0.012754
0.012672
0.012826
0.012709
0.012828
0.013072
0.017298
0.012857
0.013114
0.012768
0.012678
0.012765
0.012747
0.012798
0.012885
0.012951
0.012726
0.013004
0.012730
0.012750
0.012906
0.012871
0.012690
0.012757
0.012687
0.012892
0.013566
0.012754
0.013306
0.013285
0.012891
0.027040
0.012983
0.012705
0.012887
0.012649
0.017523
0.012772
0.012657
0.012687
0.013103
0.012934
0.012654
0.012669
0.012900
0.012828
0.012918
0.012724
0.012603
0.012675
0.012954
0.012883
0.017225
0.012859
0.012916
0.012660
0.012597
0.012897
0.012627
0.012711
0.012603
