1.852310
1.697368
1.716554
17.605916
7.734643
1.989918
27.580414
1.694571
1.697350
27.257347
0.387157
0.427028
0.383341
29.639964
0.543711
21.688417
0.693288
7.788767
0.472485
0.425821
22.632001
7.942370
1.663164
28.002656
1.503706
1.603327
26.727547
0.552736
0.583920
24.020651
1.698759
5.946313
1.515964
28.509462
1.825801
1.703409
1.722219
27.230978
1.629456
1.565316
26.150596
1.857689
1.720561
1.690599
25.547963
0.546079
21.931233
0.546725
8.084885
0.546424
21.510843
1.700270
7.806679
1.706600
19.998225
8.332470
0.542753
30.216046
0.547270
0.541748
0.627544
20.766981
7.471948
1.700875
22.178077
7.714558
1.701439
1.727507
18.795526
7.797204
0.480612
30.394982
0.480548
22.679408
0.554878
0.558081
7.739782
22.383976
0.544770
8.142781
0.476485
30.022797
1.984566
2.819582
2.204755
16.342507
8.207883
1.708397
20.153847
9.145591
1.760778
1.722182
26.296830
0.547285
21.571830
0.317907
5.928262
24.313243
0.343952
0.322267
