0.010296
0.006221
0.005789
0.005680
0.005575
0.005582
0.005988
0.005597
0.005917
0.005676
0.005890
0.005473
0.005852
0.005552
0.005440
0.005762
0.005827
0.006545
0.005590
0.005958
0.005435
0.005458
0.005766
0.005676
0.005398
0.005349
0.006037
0.005555
0.005571
0.006082
0.006210
0.005744
0.005830
0.006082
0.011420
0.005909
0.005619
0.006349
0.005706
0.005973
0.005917
0.005567
0.005526
0.005894
0.005917
0.005548
0.005582
0.005545
0.005635
0.005533
0.005530
0.005613
0.005661
0.005503
0.005556
0.006082
0.005631
0.005541
0.005544
0.005564
0.005642
0.005499
0.005499
0.005529
0.005616
0.007774
0.005785
0.006157
0.006285
0.005860
0.005590
0.005499
0.005476
0.005740
0.005574
0.005526
0.005525
0.005567
0.005563
0.005537
0.009438
0.005654
0.005609
0.005999
0.005586
0.005639
0.005921
0.005597
0.005555
0.005585
0.005593
0.005743
0.005932
0.005594
0.005928
0.005924
0.009469
0.005834
0.005747
0.005672
