0.014029
0.006804
0.006845
0.006431
0.006522
0.006353
0.006571
0.006570
0.013397
0.011834
0.011848
0.012021
0.011518
0.012563
0.012449
0.012604
0.012563
0.012855
0.011822
0.011108
0.012165
0.011746
0.011439
0.011574
0.011710
0.011589
0.010134
0.011856
0.010270
0.011367
0.012198
0.011510
0.012036
0.014524
0.012021
0.011566
0.011705
0.011649
0.011574
0.012081
0.012424
0.012751
0.011404
0.011867
0.012175
0.011746
0.097414
0.017738
0.010946
0.009969
0.010642
0.009977
0.010615
0.009860
0.009950
0.010480
0.010721
0.010905
0.010826
0.011258
0.011130
0.010232
0.009856
0.011243
0.023140
0.011191
0.009645
0.010656
0.011979
0.010923
0.011052
0.010840
0.011525
0.010927
0.011398
0.010747
0.010544
0.018374
0.010765
0.010198
0.010420
0.010269
0.010416
0.010657
0.010240
0.010777
0.011003
0.012243
0.014607
0.008285
0.006495
0.006387
0.006356
0.014848
0.006931
0.006624
0.006548
0.006465
0.006582
0.006432
